6.167919635772705
3.5497894287109375
2.607120990753174
2.5069265365600586
2.34966778755188
2.1413629055023193
1.929248332977295
1.8203994035720825
1.7843886613845825
1.66367506980896
1.6888904571533203
1.5880593061447144
1.6056097745895386
1.6784836053848267
1.8747620582580566
4.415715217590332
3.687445640563965
1.482276201248169
1.2209277153015137
1.198456883430481
1.866395115852356
5.364259719848633
7.356768608093262
4.15700101852417
6.699419975280762
3.1874806880950928
8.027962684631348
1.8923078775405884
5.944294452667236
2.1151247024536133
1.4105851650238037
5.423741817474365
7.975498199462891
9.06155014038086
6.617845058441162
5.153462886810303
8.920806884765625
5.065546989440918
4.274906158447266
8.260807037353516
8.973394393920898
3.3075778484344482
5.080037593841553
4.380215167999268
3.7990760803222656
4.106709957122803
3.618624210357666
5.094115734100342
5.954231262207031
7.268526077270508
9.264443397521973
2.3904037475585938
4.525704383850098
5.328577518463135
5.25565767288208
5.080168724060059
4.927670955657959
5.024018287658691
4.4523844718933105
8.878538131713867
4.861645698547363
8.789852142333984
8.730965614318848
8.922477722167969
4.679134845733643
6.794919013977051
4.794609546661377
3.8797450065612793
6.727166652679443
5.038107872009277
3.6658341884613037
1.487971544265747
5.233145236968994
8.382486343383789
9.247078895568848
5.026646614074707
4.316518783569336
8.918235778808594
4.857570171356201
4.092800140380859
8.851205825805664
6.434831619262695
4.844963073730469
5.080357551574707
8.883058547973633
4.942749500274658
1.5206421613693237
5.097929000854492
5.895041465759277
3.4484925270080566
8.60704517364502
6.889841079711914
6.240633964538574
3.8903520107269287
5.138670444488525
4.579355239868164
5.304594039916992
5.127688407897949
3.0366690158843994
